99
93
1
80
28
1
96
61
0
81
52
2
98
96
0
35
66
0
54
29
1
97
8
1
83
2
0
54
1
1
57
52
0
6
84
1
72
81
1
94
62
2
95
13
0
73
48
1
44
3
2
74
52
0
94
35
0
37
89
1
46
98
1
48
5
1
30
29
2
26
23
0
22
70
2
66
43
0
77
40
0
17
66
1
17
60
1
20
50
0
75
96
1
83
97
0
28
79
0
53
5
0
93
27
2
46
46
0
48
75
1
4
45
1
13
62
1
10
82
0
48
10
1
84
45
0
26
73
0
96
79
2
42
24
2
57
71
0
20
71
1
23
27
0
92
41
1
74
3
2
5
51
1
85
35
1
14
13
0
23
10
2
37
52
0
30
61
2
22
82
1
37
57
0
49
50
2
23
24
1
32
81
0
3
19
0
20
33
2
62
56
2
83
45
0
80
76
1
49
98
2
40
87
2
59
88
2
19
11
1
